1002 3
1347
2582 7
3696
8275 22
8622
9225 24
9547
11686 31
11702
11999 24
12713 32
12794
16135 43
16482
17085 45
17407
18316 45
19030
20252 52
20263
21183 55
21261
21858 57
43527
48094 72
48441
49052 74
50088
52225 81
52559
55905 92
56250
56853 94
57887
60008 101
924376
927721 112
928066
928673 114
929707
931848 121
933112
936464 132
936809
937416 134
937738
938968 134
939680
940612 141
940663
941268 143
941619
941920 144
942297
946278 157
946623
947234 159
948084
950229 166
950413 159
950597 166
950877
954240 177
954585
955196 179
955518
956748 179
957460
958375 186
958482
958783 187
958911
959212 188
959223
962591 199
962938
963545 201
963867
965089 201
965803
967331 210
968702
972664 223
973011
973622 225
973944
976093 225
976807
977408 234
977922
