1002 3
1347
2582 7
3698
8277 22
8624
9227 24
9551
10464 24
11178
12404 31
12420
12717 32
12798
16139 43
16486
17089 45
17413
18635 45
19349
20258 52
20269
21189 55
21267
21864 57
43540
48107 72
48454
49065 74
49389
51213 74
51927
52226 81
52245
52558 82
52892
56242 93
56587
57190 95
58042
60167 102
60187 95
60371 102
925080
928425 113
928770
929381 115
929705
930935 115
931647
932554 122
933818
937170 133
937515
938126 135
938450
939680 135
940392
941324 142
941375
941980 144
942331
942632 145
943009
946990 158
947335
947946 160
948798
950943 167
951127 160
951311 167
951591
954954 178
955299
955910 180
956234
957464 180
958176
959091 187
959198
959499 188
959627
959928 189
959939
963307 200
963654
964257 202
965295
968049 211
969168
973130 224
973477
974088 226
974412
976252 226
976966
977876 235
978448
982430 248
982777
983388 250
983712
984326 250
985040
986577 257
986614
