1001 3
1348
2583 7
3780
5916 14
6106
8549 22
8891
9494 24
10289
12428 31
12444
12741 32
12822
13727 24
14090
16526 43
16868
17471 45
17790
19012 45
19721
20630 52
20641
21561 55
21639
22236 57
43748
48315 72
48657
49268 74
49587
50496 74
51205
52433 81
52767
56112 92
56454
57057 94
57852
59973 101
59992
60289 94
60652 102
60703
64045 113
64387
64998 115
65317
67454 115
68163 122
2224331
2227684 133
2228026
2228637 135
2228956
2229570 135
2230279
2231810 142
2234483
2237847 153
2238189
2238800 155
2239119
2240963 155
2241672
