1001 3
1350
2585 7
3826
8405 22
8749
9352 24
10149
12288 31
12304
12601 32
12682
13896 24
14259
16386 43
16730
17333 45
18363
20494 52
20505
21425 55
21503
22100 57
43644
48211 72
48553
49164 74
49483
50701 74
51410
52329 81
52663
56008 92
56350
56953 94
57272
59393 94
60102 101
60121
60418 102
60469
63811 113
64153
64764 115
65083
67220 115
67929 122
932337
935690 133
936032
936643 135
936962
939107 135
939816 142
940991
944355 153
944697
945308 155
945627
947789 155
948498 162
948549
949154 164
949505
949806 165
950183
954174 178
954233
954537 179
955542
