744 3
1089
2324 7
3524
8103 22
8450
9053 24
10175
12314 31
12330
12627 32
12708
16049 43
16396
16999 45
17407
18316 45
19030
20252 52
20263
21183 55
21261
21858 57
44550
49117 72
49464
50075 74
51277
53400 81
53419
53732 82
54066
57416 93
57761
58364 95
59484
61609 102
926318
929663 113
930008
930619 115
931027
933164 115
933876 122
935056
938408 133
938753
939364 135
939772
941616 135
942328
942646 142
942697
943302 144
943653
943954 145
944331
948312 158
948657
949268 160
950204
952349 167
952399 160
952583 167
952997
956360 178
956705
957316 180
957724
958954 180
959666
960581 187
960727
961028 188
961156
961457 189
961468
964836 200
965195
