1001 3
1348
2583 7
3691
8270 22
8612
9215 24
9533
9839 24
10548
12381 31
12397
12694 32
12775
16116 43
16458
17061 45
17379
18601 45
19310
20219 52
20230
21150 55
21228
21825 57
43403
47970 72
48312
48923 74
49950
52087 81
52421
55766 92
56108
56711 94
57554
59675 101
59694
59991 102
60042 94
60226
63568 113
63910
64521 115
64839
66679 115
67388
67685 122
932087
935440 133
935782
936393 135
936711
938856 135
939565 142
940824
944188 153
944530
945141 155
945459
947621 162
947672
948277 155
948986 164
949337
949638 165
950015
954006 178
954065
954369 179
955374
