1002 3
1347
2582 7
3606
3902 7
4086
8369 22
8716
9319 24
10218
12357 31
12373
12670 32
12751
13356 24
13629
16365 43
16712
17315 45
18173
19395 45
19579
20488 52
20499
21419 55
21497
22094 57
44743
49310 72
49657
50268 74
51310
53447 81
53781
57127 92
57472
58075 94
58882
60406 94
60769
61366 101
925963
929308 112
929653
930260 114
930588
932432 114
933144
933441 121
934710
938062 132
938407
939014 134
939342
941186 134
941898
942216 141
942267
942872 143
943223
943524 144
943901
947882 157
948227
948838 159
949824
950741 162
950930 159
951114
952342 166
952806
956169 177
956514
957125 179
957981
959521 179
959705
960310 186
960456
960757 187
960885
961186 188
961197
964565 199
964912
965519 201
965847
967992 201
968706
969311 210
970680
974642 223
974989
975600 225
975928
976845 225
977559
979392 234
979733
