744 3
1089
2324 7
3524
8103 22
8450
9053 24
9991
12130 31
12146
12443 32
12524
14947 24
15131
16049 43
16396
16999 45
17407
18629 45
19343
20252 52
20263
21183 55
21261
21858 57
43508
48075 72
48422
49033 74
50155
52278 81
52297
52610 82
52944
56294 93
56639
57242 95
58362
60487 102
924830
928175 113
928520
929131 115
929539
931676 115
932388 122
933647
936999 133
937344
937955 135
938363
940207 135
940919
941237 142
941288
941893 144
942244
942545 145
942922
946903 158
947248
947859 160
948795
950940 167
951124 160
951308 167
951588
954951 178
955296
955907 180
956315
958460 180
959172 187
959279
959580 188
959708
960009 189
960020
963388 200
963735
964338 202
964746
965663 202
966377
968214 211
969333
973295 224
973642
974253 226
974661
976501 226
977215
978125 235
978668
982650 248
982997
983608 250
984016
984933 250
985647
987488 259
987529
987830 260
987874
988175 261
988214
988518 262
988536
989757 266
989794
