744 3
1089
2324 7
3524
8103 22
8450
9053 24
9991
12130 31
12146
12443 32
12524
14038 24
14222
16049 43
16396
16999 45
17407
18939 45
19653
20252 52
20263
21183 55
21261
21858 57
43509
48076 72
48423
49034 74
49442
49752 74
50466
52279 81
52298
52611 82
52945
56295 93
56640
57243 95
58243
60368 102
60388 95
60508 102
925198
928543 113
928888
929499 115
929907
931747 115
932459
932756 122
933931
937283 133
937628
938239 135
938647
939877 135
940589
941521 142
941572
942177 144
942528
942829 145
943206
947187 158
947532
948143 160
949079
950309 160
950493
951408 167
951872
955235 178
955580
956191 180
956599
957829 180
958541
959456 187
959486
959787 188
959915
960216 189
960227
963595 200
963942
964545 202
964953
966797 202
967511
968421 211
969802
973764 224
974111
974722 226
975130
977275 226
977989
978594 235
979109
